0 0.53125 0.630093 0.226042 0.313889
1 0.41875 0.165741 0.033333 0.083333
1 0.45651 0.151389 0.035937 0.078704
1 0.107292 0.756944 0.04375 0.110185
1 0.91224 0.525926 0.059896 0.101852
3 0.625781 0.230556 0.069271 0.094444
3 0.429167 0.256481 0.06875 0.088889
3 0.403906 0.330556 0.065104 0.081481
3 0.497917 0.424537 0.076042 0.106481
3 0.578125 0.326389 0.066667 0.100926
3 0.615104 0.388426 0.057292 0.10463
3 0.643229 0.365741 0.063542 0.090741
3 0.670312 0.3625 0.060417 0.099074
3 0.716927 0.359259 0.059896 0.094444
3 0.766146 0.433333 0.089583 0.140741
3 0.78776 0.668981 0.080729 0.143519
3 0.735156 0.625926 0.061979 0.124074
3 0.700781 0.688889 0.073438 0.125926
3 0.653906 0.75 0.061979 0.124074
3 0.447396 0.85787 0.095833 0.136111
3 0.370052 0.619444 0.071354 0.142593
3 0.298698 0.810648 0.075521 0.14537
3 0.217969 0.805556 0.080729 0.155556