1 0.338281 0.430556 0.053646 0.059259
1 0.335677 0.49537 0.053646 0.064815
1 0.95651 0.234259 0.054688 0.062963
1 0.68099 0.013426 0.045312 0.025
3 0.622135 0.111574 0.059896 0.080556
3 0.558073 0.136111 0.068229 0.07037
3 0.552083 0.198148 0.057292 0.059259
3 0.550781 0.238889 0.058854 0.051852
3 0.564583 0.275 0.052083 0.066667
3 0.515885 0.306944 0.061979 0.10463
3 0.461198 0.210648 0.067187 0.117593
3 0.464323 0.561574 0.065104 0.134259
3 0.552344 0.443519 0.061979 0.103704
3 0.41276 0.513889 0.069271 0.098148
0 0.684375 0.449074 0.18125 0.325926
2 0.536979 0.534259 0.027083 0.064815
3 0.657031 0.68287 0.082812 0.130556
3 0.805729 0.608333 0.075 0.124074
3 0.853385 0.759722 0.073438 0.128704
3 0.760677 0.82037 0.078646 0.090741
3 0.925521 0.364815 0.066667 0.103704
3 0.860156 0.219444 0.067187 0.092593
3 0.738021 0.173611 0.058333 0.076852
3 0.701302 0.211574 0.044271 0.050926
3 0.738542 0.253704 0.066667 0.072222
3 0.766667 0.333796 0.060417 0.087963