3 0.623958 0.277315 0.066667 0.102778
3 0.528646 0.06713 0.05625 0.080556
3 0.28125 0.154167 0.060417 0.084259
3 0.365625 0.736111 0.0625 0.101852
3 0.458333 0.63287 0.051042 0.043519
3 0.201302 0.503241 0.040104 0.086111
2 0.178385 0.269907 0.030729 0.075
2 0.403385 0.525926 0.025521 0.105556
2 0.680208 0.338889 0.05 0.087037
3 0.702865 0.403241 0.045312 0.05463
0 0.470312 0.377778 0.184375 0.281481
1 0.122396 0.300463 0.059375 0.063889
1 0.79375 0.330093 0.053125 0.063889
1 0.803385 0.39213 0.055729 0.067593
2 0.457031 0.660185 0.026562 0.088889