3 0.288542 0.273148 0.065625 0.088889
3 0.246875 0.423611 0.063542 0.091667
3 0.317708 0.593519 0.05625 0.1
3 0.373177 0.589352 0.054688 0.09537
3 0.376823 0.49537 0.069271 0.098148
1 0.179688 0.321759 0.060417 0.071296
1 0.232292 0.887037 0.070833 0.094444
1 0.839583 0.705556 0.067708 0.083333
1 0.854427 0.637963 0.065104 0.090741
1 0.697396 0.02963 0.04375 0.053704
3 0.621875 0.261111 0.061458 0.094444
3 0.62526 0.485648 0.068229 0.128704
3 0.615104 0.681481 0.065625 0.118519
3 0.634115 0.873148 0.091146 0.144444
3 0.78151 0.560648 0.071354 0.108333
3 0.746354 0.472685 0.064583 0.106481
3 0.551302 0.655556 0.061979 0.103704
3 0.547135 0.715741 0.066146 0.103704
3 0.528906 0.768981 0.075521 0.126852
3 0.484896 0.831019 0.08125 0.149074
3 0.417708 0.820833 0.06875 0.171296
3 0.38724 0.811111 0.058854 0.118519
3 0.508073 0.117593 0.050521 0.072222
3 0.590625 0.126852 0.052083 0.074074
3 0.627865 0.085185 0.052604 0.068519
3 0.548177 0.060648 0.045312 0.082407
3 0.495833 0.041667 0.051042 0.07037
3 0.490625 0.213426 0.053125 0.073148
0 0.503906 0.375926 0.160938 0.283333
3 0.395573 0.406019 0.055729 0.080556