0 0.402604 0.5875 0.219792 0.312037
2 0.548177 0.575926 0.027604 0.072222
1 0.551302 0.143056 0.033854 0.078704
1 0.583594 0.165741 0.033854 0.081481
1 0.136979 0.25 0.046875 0.081481
3 0.1625 0.371759 0.069792 0.108333
3 0.317708 0.390741 0.058333 0.105556
3 0.467969 0.24537 0.055729 0.081481
3 0.51224 0.218056 0.057812 0.093519
3 0.680469 0.409259 0.070312 0.1
3 0.583073 0.425926 0.074479 0.087037
3 0.479427 0.402778 0.070312 0.098148
3 0.575521 0.515741 0.059375 0.088889
3 0.611719 0.523148 0.050521 0.105556
3 0.648438 0.553704 0.061458 0.094444
3 0.690885 0.618981 0.076563 0.112037
3 0.679688 0.756481 0.089583 0.187037
3 0.548438 0.824537 0.072917 0.119444
3 0.552344 0.935648 0.083854 0.113889
3 0.481771 0.826389 0.069792 0.139815
3 0.414583 0.808333 0.080208 0.127778
3 0.254948 0.635648 0.069271 0.123148
3 0.170052 0.598611 0.069271 0.125
3 0.203125 0.438889 0.065625 0.105556
3 0.12474 0.512963 0.067187 0.116667
3 0.085677 0.631481 0.089063 0.114815