1 0.840885 0.487037 0.060937 0.062963
1 0.834635 0.419907 0.060937 0.052778
1 0.128125 0.555093 0.061458 0.058333
2 0.532552 0.582407 0.023438 0.072222
0 0.495312 0.397222 0.167708 0.294444
3 0.614062 0.426852 0.077083 0.114815
3 0.707552 0.34537 0.059896 0.096296
3 0.761198 0.397685 0.057812 0.10463
3 0.716667 0.752315 0.075 0.123148
3 0.653646 0.594907 0.064583 0.113889
3 0.598698 0.625926 0.075521 0.107407
3 0.603125 0.723611 0.075 0.09537
3 0.583854 0.834722 0.082292 0.125
3 0.511458 0.840741 0.072917 0.122222
3 0.485156 0.880093 0.088021 0.117593
3 0.352083 0.718519 0.070833 0.122222
3 0.4125 0.678241 0.067708 0.099074
3 0.386198 0.590278 0.069271 0.10463
3 0.384896 0.491667 0.0625 0.105556
3 0.232292 0.430093 0.075 0.128704
3 0.23151 0.609259 0.074479 0.114815
3 0.376563 0.081944 0.05625 0.082407
3 0.430208 0.078241 0.046875 0.086111
3 0.413281 0.155556 0.055729 0.064815
3 0.492708 0.117593 0.057292 0.072222
3 0.513542 0.050463 0.054167 0.075
3 0.555469 0.219444 0.058854 0.090741