3 0.280469 0.155093 0.064062 0.091667
3 0.529427 0.071296 0.054688 0.07963
3 0.629427 0.232407 0.084896 0.122222
3 0.697396 0.405556 0.054167 0.059259
3 0.36276 0.731019 0.053646 0.117593
3 0.202865 0.501852 0.034896 0.083333
1 0.125521 0.300926 0.057292 0.055556
3 0.192448 0.29213 0.053646 0.075
2 0.176042 0.269444 0.01875 0.105556
2 0.404427 0.522222 0.025521 0.103704
2 0.457292 0.589815 0.034375 0.105556
2 0.682552 0.336574 0.042188 0.087963
1 0.805208 0.395833 0.05625 0.065741
1 0.796354 0.331019 0.060417 0.067593
0 0.474219 0.376852 0.185938 0.277778