2 0.533073 0.540278 0.030729 0.063889
1 0.376302 0.348148 0.052604 0.061111
1 0.360156 0.405093 0.051562 0.063889
1 0.797656 0.090741 0.048438 0.059259
3 0.533854 0.196296 0.069792 0.1
3 0.563021 0.308796 0.061458 0.110185
3 0.946354 0.396759 0.069792 0.115741
3 0.791146 0.752778 0.076042 0.144444
3 0.685937 0.941204 0.080208 0.117593
3 0.61875 0.748611 0.078125 0.14537
3 0.565885 0.465741 0.070312 0.122222
3 0.457813 0.531944 0.073958 0.117593
3 0.422656 0.448148 0.068229 0.111111
3 0.616146 0.3 0.060417 0.077778
3 0.613802 0.255093 0.058854 0.060185
3 0.618229 0.21713 0.069792 0.060185
3 0.642969 0.17037 0.052604 0.081481
3 0.70599 0.174537 0.095312 0.086111
3 0.815365 0.28287 0.061979 0.091667
0 0.701562 0.543056 0.180208 0.349074
3 0.801562 0.374537 0.066667 0.093519
3 0.807552 0.465278 0.065104 0.112037
3 0.773698 0.300463 0.057812 0.076852