0 0.55 0.440741 0.184375 0.301852
3 0.80625 0.668056 0.0875 0.139815
3 0.829948 0.493981 0.074479 0.126852
3 0.74375 0.314352 0.073958 0.112037
3 0.69401 0.302778 0.050521 0.072222
3 0.695312 0.371759 0.066667 0.097222
3 0.675 0.456944 0.066667 0.134259
3 0.553906 0.670833 0.085938 0.126852
3 0.514062 0.816204 0.078125 0.150926
3 0.442708 0.9125 0.075 0.143519
3 0.516667 0.949537 0.083333 0.100926
3 0.405729 0.75787 0.078125 0.141667
3 0.342969 0.824537 0.077604 0.150926
3 0.415365 0.553241 0.069271 0.126852
2 0.397396 0.339352 0.025 0.076852
3 0.346875 0.299537 0.064583 0.099074
3 0.344271 0.225 0.061458 0.074074
1 0.338021 0.12037 0.041667 0.077778
1 0.31276 0.156481 0.045312 0.072222
1 0.791927 0.137963 0.048438 0.075926
1 0.214844 0.888426 0.063021 0.108333
3 0.509115 0.07963 0.061979 0.096296
3 0.498177 0.184259 0.051562 0.092593
3 0.548438 0.212037 0.055208 0.087037
3 0.557813 0.177778 0.053125 0.068519
3 0.577604 0.149074 0.052083 0.077778
3 0.604948 0.11713 0.056771 0.084259
3 0.671875 0.15787 0.083333 0.099074