1 0.759115 0.250463 0.049479 0.060185
1 0.739062 0.199074 0.04375 0.053704
1 0.090365 0.405093 0.059896 0.052778
1 0.080469 0.476389 0.059896 0.058333
3 0.452604 0.385648 0.203125 0.282407
2 0.479427 0.649537 0.033854 0.052778
3 0.489583 0.926389 0.098958 0.147222
3 0.585156 0.838889 0.074479 0.1
3 0.363542 0.878241 0.079167 0.108333
3 0.491146 0.762963 0.063542 0.114815
3 0.536719 0.690278 0.063021 0.123148
3 0.634375 0.188426 0.048958 0.078704
3 0.586979 0.180093 0.052083 0.080556
3 0.60026 0.101389 0.061979 0.080556
3 0.481771 0.069444 0.058333 0.072222
3 0.397396 0.136111 0.069792 0.072222
2 0.58151 0.386111 0.026562 0.083333