0 0.655469 0.354167 0.170313 0.312037
2 0.531771 0.484722 0.033333 0.075
3 0.461719 0.55 0.070312 0.133333
3 0.400521 0.5125 0.0625 0.106481
3 0.469271 0.273148 0.0625 0.111111
3 0.53099 0.39213 0.059896 0.09537
3 0.403125 0.205093 0.060417 0.102778
3 0.508073 0.229167 0.067187 0.080556
3 0.497135 0.206019 0.055729 0.075
3 0.486979 0.167593 0.059375 0.07037
3 0.491406 0.116667 0.056771 0.062963
3 0.532292 0.065741 0.075 0.085185
3 0.771875 0.089352 0.058333 0.086111
3 0.839062 0.193519 0.063542 0.094444
3 0.651563 0.076389 0.057292 0.071296
3 0.628125 0.131019 0.05 0.071296
3 0.66875 0.166204 0.060417 0.084259
3 0.703906 0.218519 0.067187 0.074074
3 0.773958 0.453241 0.066667 0.121296
3 0.836979 0.574537 0.069792 0.112037
3 0.865104 0.696759 0.085417 0.113889
3 0.778646 0.680556 0.079167 0.116667
3 0.788542 0.803704 0.083333 0.122222
3 0.660937 0.578241 0.080208 0.121296
1 0.316667 0.458333 0.05625 0.074074
1 0.32474 0.526389 0.056771 0.075
1 0.855729 0.069907 0.046875 0.056481