1 0.276042 0.348148 0.055208 0.074074
1 0.379167 0.923611 0.066667 0.099074
1 0.96875 0.689815 0.0625 0.081481
1 0.772396 0.026852 0.044792 0.051852
0 0.607292 0.383796 0.180208 0.315741
3 0.418229 0.296296 0.070833 0.085185
3 0.334635 0.391204 0.066146 0.108333
3 0.498698 0.549074 0.047396 0.085185
3 0.523438 0.575 0.055208 0.088889
3 0.489323 0.62963 0.050521 0.092593
2 0.488021 0.680093 0.032292 0.073148
3 0.583333 0.70787 0.053125 0.082407
3 0.59375 0.913426 0.071875 0.097222
3 0.608073 0.825 0.071354 0.151852
3 0.663281 0.795833 0.073438 0.156481
3 0.671875 0.724537 0.067708 0.123148
3 0.678125 0.668981 0.065625 0.136111
3 0.725781 0.721296 0.048438 0.109259
3 0.767969 0.766667 0.044271 0.062963
3 0.85599 0.710185 0.081771 0.124074
3 0.822917 0.40463 0.064583 0.092593
3 0.854427 0.270833 0.074479 0.093519
3 0.735938 0.484259 0.057292 0.107407
3 0.75625 0.541204 0.063542 0.09537
3 0.767708 0.627315 0.076042 0.112037
3 0.789062 0.827778 0.06875 0.068519
3 0.850521 0.5875 0.047917 0.10463
3 0.740104 0.260185 0.054167 0.077778
3 0.715365 0.305093 0.031771 0.071296
3 0.672917 0.175926 0.072917 0.072222
3 0.507031 0.049537 0.054688 0.086111
3 0.509115 0.158796 0.053646 0.082407
3 0.58125 0.18287 0.075 0.078704
3 0.452865 0.130556 0.058854 0.074074
3 0.452604 0.195833 0.055208 0.049074
3 0.570573 0.068981 0.048438 0.119444
3 0.634375 0.083333 0.071875 0.109259
3 0.690885 0.073611 0.069271 0.115741
3 0.738281 0.080093 0.041146 0.063889
3 0.700521 0.093056 0.04375 0.065741