2 0.234375 0.715278 0.048958 0.076852
2 0.366927 0.169444 0.021354 0.081481
2 0.800521 0.284259 0.034375 0.075926
0 0.578646 0.26713 0.178125 0.284259
3 0.61849 0.602778 0.081771 0.122222
3 0.577083 0.787037 0.0625 0.094444
3 0.561198 0.706019 0.045312 0.062037
3 0.503646 0.749074 0.064583 0.140741
1 0.848437 0.152778 0.052083 0.055556
1 0.827344 0.109259 0.051562 0.048148
3 0.708073 0.13287 0.069271 0.089815
3 0.691667 0.028704 0.055208 0.055556
3 0.495833 0.027778 0.058333 0.053704
3 0.409375 0.050463 0.075 0.099074
3 0.360938 0.130556 0.069792 0.075926
3 0.717448 0.306019 0.060937 0.082407
3 0.770052 0.237963 0.036979 0.033333
1 0.221875 0.29213 0.0625 0.050926
1 0.215104 0.359259 0.060417 0.061111