2 0.473958 0.489352 0.030208 0.080556
2 0.80026 0.139352 0.021354 0.076852
1 0.820833 0.146759 0.041667 0.05463
1 0.800781 0.101389 0.048438 0.036111
0 0.54349 0.268519 0.167187 0.246296
3 0.726302 0.3125 0.065104 0.080556
3 0.554427 0.751389 0.070312 0.132407
3 0.589583 0.727778 0.063542 0.122222
3 0.461198 0.705093 0.075521 0.137963
3 0.448177 0.573148 0.063021 0.1
3 0.375521 0.543519 0.072917 0.111111
3 0.273177 0.446296 0.066146 0.105556
3 0.26224 0.31713 0.060937 0.106481
3 0.339844 0.287037 0.061979 0.107407
1 0.190365 0.285648 0.049479 0.056481
1 0.185417 0.352315 0.052083 0.058333