3 0.510938 0.469907 0.078125 0.110185
3 0.410156 0.319907 0.068229 0.084259
3 0.401823 0.40787 0.069271 0.093519
3 0.601823 0.231944 0.076563 0.097222
3 0.573698 0.34537 0.063021 0.094444
3 0.615625 0.387037 0.065625 0.109259
3 0.639062 0.359722 0.057292 0.09537
3 0.665885 0.340278 0.058854 0.086111
3 0.703125 0.325926 0.069792 0.092593
3 0.767708 0.385648 0.09375 0.126852
3 0.823177 0.604167 0.083854 0.132407
3 0.77526 0.575 0.072396 0.101852
3 0.757812 0.658333 0.06875 0.122222
3 0.711198 0.740741 0.090104 0.138889
3 0.54349 0.922222 0.089063 0.135185
3 0.416667 0.710648 0.073958 0.134259
3 0.372917 0.933796 0.078125 0.132407
3 0.296354 0.949074 0.09375 0.101852
1 0.423177 0.203704 0.041146 0.083333
1 0.388802 0.230556 0.043229 0.07963
1 0.914323 0.419907 0.054688 0.097222
1 0.159896 0.962037 0.044792 0.075926
0 0.577083 0.674074 0.221875 0.353704
3 0.886719 0.828704 0.069271 0.072222