2 0.617188 0.471296 0.029167 0.074074
1 0.884375 0.74537 0.048958 0.103704
1 0.548438 0.093981 0.021875 0.075
1 0.51224 0.091667 0.018229 0.07963
1 0.128125 0.386111 0.04375 0.088889
3 0.192188 0.484722 0.063542 0.106481
3 0.249219 0.524537 0.071354 0.117593
3 0.354167 0.430556 0.05625 0.116667
3 0.458073 0.216204 0.056771 0.076852
3 0.498437 0.17037 0.059375 0.083333
3 0.686198 0.271759 0.063021 0.091667
3 0.605469 0.318981 0.072396 0.078704
3 0.763542 0.57963 0.075 0.144444
3 0.749219 0.513889 0.064062 0.075926
3 0.742188 0.440278 0.071875 0.097222
3 0.691406 0.412963 0.056771 0.094444
3 0.639323 0.402315 0.071354 0.106481
3 0.661719 0.409722 0.056771 0.097222
3 0.66849 0.677778 0.073438 0.092593
3 0.696354 0.785185 0.079167 0.122222
3 0.615365 0.726389 0.079687 0.123148
3 0.547135 0.736574 0.065104 0.126852
3 0.348958 0.678704 0.063542 0.118519
3 0.258594 0.704167 0.069271 0.147222
3 0.186979 0.647685 0.078125 0.110185
3 0.178906 0.769907 0.078646 0.132407
0 0.483333 0.543981 0.198958 0.300926