3 0.417708 0.353704 0.051042 0.081481
3 0.359375 0.303704 0.034375 0.05
3 0.259375 0.521759 0.079167 0.108333
3 0.59974 0.360185 0.068229 0.094444
3 0.641406 0.481944 0.064062 0.097222
3 0.58776 0.456944 0.057812 0.093519
3 0.56224 0.553704 0.076563 0.124074
3 0.523177 0.634722 0.076563 0.084259
2 0.766667 0.714815 0.033333 0.083333
2 0.483594 0.510185 0.030729 0.092593
2 0.317448 0.333796 0.031771 0.087963
1 0.761979 0.499537 0.064583 0.056481
1 0.785677 0.564352 0.058854 0.060185
0 0.434115 0.75463 0.213021 0.364815