2 0.391667 0.33287 0.048958 0.056481
2 0.484115 0.510185 0.035937 0.092593
2 0.730469 0.844444 0.034896 0.048148
0 0.44375 0.75463 0.205208 0.35
3 0.517448 0.631019 0.073438 0.09537
3 0.561458 0.551852 0.06875 0.116667
3 0.595313 0.460648 0.059375 0.093519
3 0.641406 0.493519 0.064062 0.096296
3 0.600521 0.360648 0.0625 0.10463
1 0.764062 0.5 0.057292 0.064815
1 0.786979 0.568519 0.061458 0.061111
3 0.688021 0.934722 0.065625 0.115741
3 0.259375 0.531019 0.073958 0.097222
3 0.423437 0.325926 0.028125 0.055556