0 0.628646 0.412963 0.175 0.292593
2 0.200521 0.708333 0.042708 0.077778
3 0.344271 0.612037 0.073958 0.111111
3 0.458594 0.722685 0.070312 0.132407
3 0.541667 0.7625 0.071875 0.125
3 0.559635 0.9125 0.080729 0.14537
3 0.648958 0.951389 0.057292 0.097222
3 0.707552 0.936574 0.055729 0.126852
3 0.826042 0.4625 0.071875 0.102778
3 0.742448 0.124074 0.054688 0.07037
3 0.545833 0.117593 0.05 0.072222
3 0.676823 0.224074 0.057812 0.096296
3 0.430208 0.385185 0.066667 0.07963
3 0.329167 0.462963 0.061458 0.112963
1 0.247396 0.503241 0.059375 0.056481
1 0.251042 0.428704 0.055208 0.059259
1 0.918229 0.272222 0.057292 0.051852
1 0.893229 0.219444 0.05625 0.053704