1 0.248958 0.387037 0.053125 0.055556
1 0.245052 0.458796 0.054688 0.047222
1 0.88125 0.1875 0.05 0.052778
1 0.902604 0.2375 0.05625 0.047222
2 0.465885 0.543519 0.020313 0.090741
2 0.277604 0.540741 0.0375 0.083333
3 0.370833 0.543981 0.042708 0.073148
3 0.361719 0.62037 0.047396 0.044444
3 0.46276 0.665278 0.051562 0.060185
3 0.53151 0.702778 0.074479 0.116667
3 0.549219 0.85463 0.075521 0.148148
3 0.6875 0.887037 0.066667 0.133333
3 0.646354 0.911574 0.078125 0.143519
3 0.814844 0.423148 0.064062 0.088889
3 0.735417 0.089815 0.054167 0.068519
3 0.669531 0.194907 0.058854 0.093519
3 0.536979 0.09213 0.052083 0.075
3 0.438542 0.126389 0.066667 0.130556
3 0.459635 0.300926 0.031771 0.048148
0 0.621094 0.368056 0.183854 0.271296