1 0.680208 0.601852 0.038542 0.107407
1 0.339323 0.958796 0.043229 0.082407
1 0.064062 0.145833 0.042708 0.076852
2 0.556771 0.518056 0.045833 0.063889
3 0.607552 0.328704 0.081771 0.107407
3 0.255469 0.057407 0.048438 0.090741
3 0.342448 0.101389 0.044271 0.065741
3 0.402604 0.185185 0.067708 0.098148
3 0.463542 0.160648 0.053125 0.075
3 0.438281 0.062963 0.047396 0.085185
3 0.495312 0.077315 0.054167 0.084259
3 0.567187 0.141204 0.039583 0.075
3 0.530208 0.161574 0.034375 0.04537
3 0.505729 0.238426 0.076042 0.113889
3 0.563281 0.267593 0.063021 0.092593
3 0.533594 0.367593 0.041146 0.062963
3 0.548177 0.450926 0.040104 0.07037
3 0.458333 0.496296 0.046875 0.088889
3 0.494531 0.462037 0.073438 0.1
3 0.516406 0.548148 0.044271 0.064815
3 0.365104 0.833796 0.083333 0.139815
3 0.278125 0.697222 0.059375 0.144444
3 0.178385 0.655556 0.069271 0.12963
3 0.120052 0.672685 0.058854 0.132407
3 0.161979 0.552315 0.079167 0.099074
3 0.042708 0.594444 0.078125 0.122222
3 0.054167 0.464352 0.073958 0.108333
3 0.113021 0.45787 0.045833 0.089815
3 0.079948 0.368519 0.067187 0.087037
3 0.132031 0.343981 0.039062 0.110185
3 0.185156 0.286574 0.056771 0.117593
3 0.182812 0.429167 0.066667 0.130556
3 0.104427 0.193981 0.051562 0.063889
3 0.123958 0.254167 0.055208 0.063889
3 0.245312 0.193056 0.048958 0.076852
3 0.282031 0.225 0.053646 0.044444
0 0.347135 0.361111 0.196354 0.277778