2 0.321875 0.235185 0.036458 0.074074
2 0.508073 0.430093 0.031771 0.087963
2 0.480729 0.524537 0.022917 0.067593
3 0.528125 0.553241 0.065625 0.134259
3 0.546875 0.392593 0.057292 0.107407
3 0.727344 0.193981 0.058854 0.091667
3 0.685937 0.036111 0.051042 0.07037
3 0.61224 0.032407 0.057812 0.062963
3 0.371875 0.030093 0.05 0.058333
1 0.222917 0.163426 0.047917 0.052778
1 0.220052 0.22037 0.050521 0.057407
1 0.813281 0.046296 0.046354 0.042593
0 0.561458 0.146759 0.153125 0.212037
1 0.794792 0.0125 0.041667 0.023148