3 0.334375 0.67037 0.069792 0.101852
3 0.365885 0.723148 0.069271 0.077778
3 0.397396 0.77963 0.076042 0.133333
3 0.463281 0.769907 0.069271 0.139815
3 0.514323 0.715278 0.080729 0.162037
3 0.570573 0.779167 0.076563 0.134259
3 0.640885 0.614815 0.081771 0.151852
3 0.728646 0.406481 0.065625 0.098148
3 0.515365 0.941204 0.082812 0.117593
3 0.777344 0.722222 0.085938 0.122222
3 0.780729 0.824074 0.085417 0.07963
3 0.803385 0.252778 0.058854 0.07963
3 0.747396 0.2625 0.058333 0.080556
3 0.729948 0.171759 0.060937 0.080556
3 0.68776 0.115278 0.052604 0.073148
3 0.672396 0.184259 0.055208 0.068519
3 0.623177 0.266667 0.060937 0.077778
3 0.429948 0.1625 0.063021 0.082407
3 0.354427 0.253241 0.056771 0.082407
3 0.472656 0.357407 0.054688 0.088889
3 0.429427 0.414352 0.056771 0.087963
3 0.398958 0.485185 0.063542 0.094444
3 0.352083 0.448611 0.06875 0.093519
2 0.495312 0.581944 0.025 0.069444
0 0.579948 0.441204 0.175521 0.262037
1 0.902604 0.252315 0.051042 0.084259
1 0.208594 0.613889 0.049479 0.107407
1 0.336979 0.138889 0.036458 0.077778