3 0.658594 0.366204 0.056771 0.069444
3 0.638802 0.280093 0.053646 0.087963
3 0.46849 0.413426 0.064062 0.076852
3 0.523698 0.474074 0.052604 0.092593
3 0.564323 0.53287 0.043229 0.05463
3 0.864062 0.746296 0.057292 0.074074
0 0.610938 0.751852 0.203125 0.37037
3 0.342187 0.951389 0.079167 0.097222
2 0.378385 0.458333 0.040104 0.077778
2 0.496875 0.549074 0.0375 0.081481
3 0.822135 0.920833 0.085938 0.149074
1 0.216667 0.529167 0.060417 0.073148
1 0.190885 0.611574 0.065104 0.076852
1 0.977604 0.733796 0.044792 0.067593