1 0.773698 0.333333 0.055729 0.064815
1 0.75599 0.274074 0.049479 0.068519
1 0.11224 0.825 0.069271 0.090741
2 0.536198 0.581481 0.029687 0.075926
0 0.448437 0.428241 0.16875 0.332407
3 0.644792 0.52963 0.075 0.109259
3 0.732552 0.625926 0.075521 0.109259
3 0.604688 0.578704 0.086458 0.092593
3 0.615365 0.619444 0.074479 0.074074
3 0.626823 0.684722 0.080729 0.080556
3 0.63776 0.786111 0.082812 0.133333
3 0.572917 0.836574 0.1 0.130556
3 0.561719 0.907407 0.085938 0.094444
3 0.405469 0.84537 0.089063 0.098148
3 0.420052 0.753241 0.111979 0.137963
3 0.40026 0.680556 0.085938 0.111111
3 0.371354 0.581019 0.072917 0.110185
3 0.191927 0.625926 0.088021 0.133333
3 0.234896 0.795833 0.077083 0.141667
3 0.257812 0.183796 0.058333 0.10463
3 0.34349 0.328241 0.072396 0.084259
3 0.310156 0.231944 0.059896 0.093519
3 0.314844 0.150463 0.057812 0.082407
3 0.384115 0.159259 0.065104 0.075926
3 0.388021 0.086574 0.061458 0.082407
3 0.4625 0.227315 0.065625 0.076852
3 0.63099 0.267593 0.061979 0.075926
3 0.686719 0.291667 0.060937 0.101852
3 0.571875 0.390741 0.057292 0.103704