1 0.118229 0.298611 0.038542 0.080556
1 0.834635 0.458333 0.043229 0.096296
2 0.513281 0.644907 0.029687 0.073148
0 0.460417 0.3875 0.202083 0.278704
3 0.595313 0.476389 0.067708 0.100926
3 0.670833 0.357407 0.05625 0.081481
3 0.735156 0.384259 0.061979 0.107407
3 0.692708 0.261111 0.0625 0.081481
3 0.672396 0.178241 0.06875 0.076852
3 0.629427 0.236574 0.061979 0.080556
3 0.423437 0.075463 0.060417 0.073148
3 0.330729 0.108333 0.054167 0.077778
3 0.39375 0.262963 0.058333 0.07037
3 0.340104 0.285648 0.0625 0.075
3 0.294792 0.319907 0.052083 0.067593
3 0.272656 0.253241 0.060937 0.071296
3 0.195833 0.428704 0.073958 0.101852
3 0.198958 0.537963 0.065625 0.107407
3 0.250521 0.57963 0.057292 0.105556
3 0.288802 0.561574 0.038021 0.110185
3 0.319271 0.556019 0.041667 0.108333
3 0.33125 0.6625 0.08125 0.093519
3 0.234115 0.756481 0.082812 0.12963
3 0.525521 0.772222 0.078125 0.122222
3 0.478646 0.865278 0.080208 0.134259