3 0.629687 0.727315 0.083333 0.137963
3 0.797917 0.714815 0.08125 0.133333
3 0.461198 0.538889 0.067187 0.125926
3 0.566146 0.461574 0.0625 0.087963
3 0.418229 0.459259 0.063542 0.105556
3 0.516146 0.193056 0.061458 0.102778
3 0.552083 0.316204 0.06875 0.113889
3 0.626302 0.161574 0.057812 0.073148
3 0.603906 0.28287 0.056771 0.082407
3 0.598958 0.248148 0.057292 0.055556
3 0.604688 0.210185 0.065625 0.05
3 0.6875 0.151389 0.065625 0.084259
3 0.792708 0.24537 0.055208 0.087037
3 0.757292 0.272685 0.046875 0.062037
3 0.785156 0.327315 0.075521 0.093519
3 0.803646 0.421296 0.067708 0.118519
3 0.927604 0.350463 0.08125 0.119444
3 0.965625 0.507407 0.06875 0.116667
3 0.710938 0.926852 0.084375 0.146296
1 0.363802 0.363889 0.050521 0.055556
1 0.354948 0.427778 0.052604 0.061111
0 0.697135 0.523148 0.183854 0.340741
2 0.535677 0.533796 0.030729 0.069444