0 0.298438 0.381481 0.208333 0.277778
2 0.55625 0.518981 0.0375 0.067593
1 0.636979 0.628704 0.033333 0.1
3 0.21875 0.075 0.055208 0.090741
3 0.307031 0.119907 0.047396 0.075
3 0.400521 0.081944 0.047917 0.086111
3 0.461719 0.099074 0.056771 0.090741
3 0.427604 0.180556 0.055208 0.081481
3 0.364063 0.203704 0.06875 0.096296
3 0.208333 0.214815 0.04375 0.066667
3 0.246354 0.237963 0.046875 0.035185
3 0.0625 0.218981 0.047917 0.058333
3 0.079167 0.268519 0.05625 0.090741
3 0.140104 0.308333 0.055208 0.114815
3 0.13724 0.455556 0.070312 0.137037
3 0.091406 0.330556 0.033854 0.055556
3 0.052083 0.390278 0.102083 0.097222
3 0.065625 0.488889 0.044792 0.085185
3 0.019792 0.487037 0.038542 0.094444
3 0.017188 0.622685 0.033333 0.102778
3 0.111719 0.580556 0.076563 0.096296
3 0.229948 0.731481 0.063021 0.148148
3 0.13125 0.685648 0.072917 0.119444
3 0.066406 0.709722 0.065104 0.123148
3 0.416667 0.530556 0.054167 0.094444
3 0.449479 0.491204 0.057292 0.097222
3 0.50651 0.506944 0.057812 0.100926
3 0.488802 0.584722 0.060937 0.080556
3 0.590104 0.449537 0.05 0.084259
3 0.557813 0.408333 0.053125 0.094444
3 0.555208 0.331481 0.0625 0.074074
3 0.525521 0.289352 0.061458 0.086111
3 0.481771 0.277778 0.03125 0.07037
3 0.45 0.284259 0.032292 0.083333
3 0.480469 0.219907 0.056771 0.047222
3 0.533073 0.160648 0.046354 0.071296
3 0.492448 0.177315 0.030729 0.037963